epoch	NLL	sdz	train_time
1	13500.82348923456	0.55792670431436	257
2	10125.7204610604	0.9360339829229376	237
3	9718.895714169457	0.9679618984410147	242
4	9543.503210573781	0.9769809311952721	244
5	9465.92981912003	0.9789060284035142	247
6	9413.24051443087	0.9788206480443478	248
7	9365.103568563656	0.9792701063969103	249
8	9326.931826429302	0.9804551818338382	250
9	9296.52325107289	0.9813262319230304	249
10	9274.244387879664	0.9824058029319154	249
11	9254.873589755727	0.9829042646146956	251
12	9237.173715189201	0.9832897267374051	342
13	9219.048716434816	0.9836688269512589	256
14	9198.655594183474	0.9841187376605005	248
15	9182.13961459828	0.9845359975940922	338
16	9164.828267000159	0.9848897198886692	253
17	9152.790574054328	0.9850844246189611	247
18	9141.128855179768	0.9852123035206681	337
19	9130.217025653035	0.9853009166208659	253
20	9119.776713053385	0.9853787864653432	250
21	9111.962569048615	0.9854897220625358	328
22	9102.303655922819	0.9855057258082895	246
23	9094.605916548748	0.9855338480754369	267
24	9086.19981768342	0.9856068602173912	298
25	9078.304915032419	0.9857015581864889	247
26	9072.935509921743	0.985837846284821	287
27	9063.497961135137	0.9858291031805431	282
28	9057.971873795905	0.9859150410154645	242
29	9051.069685747834	0.9859142131647285	294
30	9042.756719057252	0.9858855622864905	254
31	9035.088525888872	0.985938309482774	243
32	9027.68590519704	0.9860793300429169	313
33	9021.814983134367	0.9862896862382792	243
34	9015.126849116112	0.9865078579913191	246
35	9009.051552285953	0.9867288676553032	312
36	9003.92208322538	0.9869123707924571	241
37	8998.579462168169	0.987104536648713	247
38	8993.614302862257	0.9872610652882631	310
39	8988.674792854154	0.9874089349846856	244
40	8983.003222614729	0.9875398727298594	244
41	8978.007810423975	0.9876519694012038	484
42	8973.481299575495	0.987736213749566	485
43	8968.701823331872	0.987831200010517	348
44	8965.771578626567	0.9879084444877242	245
45	8962.010452581912	0.9880070268448924	243
46	8958.598002738692	0.988098104972215	444
47	8954.879736245084	0.9881615173705176	481
48	8949.246353253215	0.9884881781173401	471
49	8944.831155374748	0.9882069657347641	245
50	8939.650996409306	0.9882191640584648	242
51	8935.410156042397	0.988233898899385	370
52	8930.344873960326	0.9881855576064716	478
53	8925.904319296078	0.9882205614478005	476
54	8920.71990738434	0.9882026203483546	309
55	8915.295361369646	0.9878559769416342	243
56	8908.884649782765	0.9887532937486155	243
57	8903.243096176458	0.9885251427538135	462
58	8906.556264241537	0.9877213317976923	483
59	8898.234432713514	0.9879805847090117	457
60	8889.529134114584	0.9880452353481938	248
61	8887.668803727545	0.9879424499765951	242
62	8878.220080732488	0.9878859480931645	428
63	8874.546173095703	0.9878761032406165	481
64	8868.760339230907	0.9878399587508773	479
65	8863.780968490912	0.9879128173703239	249
66	8858.625997737963	0.9880559390195373	245
67	8853.800869065888	0.9882265930982674	268
68	8849.83487623565	0.9883672583620159	485
69	8847.147519689028	0.9877847615299987	484
70	8839.1921245549	0.9886633168880631	418
71	8838.339565770155	0.9882793487081317	228
72	8837.367208260257	0.987754148488142	246
73	8829.945482734109	0.9882370686145867	444
74	8825.540442226695	0.9882478288495217	484
75	8823.016320676219	0.988269275371112	472
76	8818.805686068372	0.9882370711234557	248
77	8816.860317308076	0.9882824889758006	242
78	8813.097745934312	0.9882683430601951	344
79	8810.008247842594	0.9882783154595871	478
80	8807.246972116483	0.9882731238494114	484
81	8804.603574168925	0.9882665741301718	228
82	8801.86946822186	0.9882786567164522	242
83	8799.840425037202	0.9882877517466236	327
84	8797.286631266275	0.9882960380086688	481
85	8794.631488618397	0.9883206272561128	478
86	8792.550340094534	0.9882843197152322	349
87	8790.946541299625	0.9883174845809434	243
88	8788.165500355415	0.9882510533797092	243
89	8786.916106347324	0.9882901019233019	434
90	8783.494027066394	0.9882267499152495	484
91	8782.918969186796	0.988228193655306	348
92	8780.102345784506	0.9882106485010005	236
93	8778.536828696322	0.9881776824948334	242
94	8776.092451445911	0.9882002477185662	462
95	8774.718309467342	0.9881648759351296	485
96	8772.551264548789	0.988178004238273	452
97	8770.689597201184	0.9881452479380735	245
98	8773.383801518654	0.9876581622021539	241
99	8767.138781073952	0.9880428895810429	362
100	8765.582321063192	0.9880543596485034	482
101	8763.869457218923	0.988048876908158	429
102	8762.145357093032	0.9880296050691281	242
103	8761.039456737284	0.9880579077721048	244
104	8759.316052080012	0.9880264222013707	406
105	8757.714608743889	0.9880207639922496	482
106	8756.505418842342	0.9880019799128276	481
107	8754.544456014828	0.9880069603725355	271
108	8753.172653924852	0.9879925295355774	246
109	8751.89613975473	0.9879791318457953	316
110	8750.524680001396	0.9879016331365319	485
111	8749.615910121373	0.9878902215333212	472
112	8747.700202370988	0.9878940938078627	245
113	8745.947420496519	0.9879085951719154	251
114	8745.281102809777	0.9878870843067056	349
115	8744.594520620749	0.9878417137427394	483
116	8741.541779394864	0.9877657439230251	486
117	8740.676295066367	0.9878554135611674	331
118	8740.713130198368	0.9875256766875585	242
119	8738.53173101516	0.988134326451287	244
120	8736.890213739305	0.9875569741438035	474
121	8739.228304908389	0.9880004071054005	482
122	8736.3364297257	0.9877507560664699	312
123	8734.271025573315	0.987752839720168	241
124	8733.274573501276	0.9877193103842183	233
125	8732.637276578113	0.9877297733308507	488
126	8730.823571237577	0.9877182655796712	481
127	8728.963347558261	0.9877251492065637	432
128	8728.05136066878	0.9877267686181328	242
129	8727.065278552827	0.9876959950593459	243
130	8725.896401749176	0.9877129830166597	368
131	8724.628186284279	0.987692553550005	480
132	8724.091827807782	0.9877182395026392	417
133	8722.509313258995	0.9877247491053173	245
134	8721.17878110717	0.9877131454342482	243
135	8720.53948953849	0.9876813726106874	373
136	8719.379430446495	0.9876992737963086	478
137	8718.254654864875	0.987691435405389	481
138	8717.68009024899	0.9876808947851868	291
139	8716.829913288557	0.9876478446178696	233
140	8716.171193440756	0.9876079928307306	243
141	8715.063765130075	0.9876117092259482	479
142	8714.35489493649	0.9876277386686023	478
143	8713.341034558354	0.9876049436932924	356
144	8712.58661864404	0.987588764960263	246
145	8712.322070063377	0.9875926329266458	235
146	8711.833887839804	0.9875591413757834	434
147	8710.528231043394	0.9875543769829127	482
148	8709.87091458898	0.9875559742961612	481
149	8709.512484803492	0.9875226064908261	245
150	8708.706490652901	0.9875362285596578	246
151	8708.268399193174	0.9875323271416888	434
152	8707.260707933076	0.9875075384264901	479
153	8706.995649688099	0.9875226008648775	480
154	8706.47049489962	0.987485792563886	248
155	8705.745494608977	0.9875020902527838	242
156	8705.116173984243	0.98746671405982	335
157	8704.385701704998	0.9874935586537633	476
158	8703.848439326903	0.9874550166482828	476
159	8703.653193052123	0.9874728147928812	346
160	8702.50519504677	0.9874633131738828	238
161	8701.49819697166	0.9874468966811693	233
162	8701.714316231864	0.9874367957465908	419
163	8700.90252291102	0.9874421160186635	476
164	8700.334610919563	0.9874257857651532	480
165	8699.7573121778	0.9874169813836513	255
166	8699.223252069383	0.9874097373666001	240
167	8698.255738757905	0.9873996160569645	256
168	8698.052381035423	0.9874079554614161	485
169	8697.802621231598	0.9874031871405183	484
170	8697.150411177654	0.9873992137002702	413
171	8696.195251464844	0.9873998041967956	245
172	8694.913979251369	0.987380073690901	244
173	8693.71886854107	0.9873609600880113	470
174	8693.23032903347	0.9873619834024484	484
175	8693.46716661518	0.9873659952866788	445
176	8692.635006236382	0.9873624997479575	248
177	8692.174448441487	0.987354469618627	242
178	8692.129501238973	0.9873425189887179	352
179	8690.955368560999	0.9873430293028046	477
180	8690.478109346766	0.9873393074590333	482
181	8689.56721735325	0.9873432998044961	246
182	8689.065431555922	0.9873108150196724	248
183	8688.497481365594	0.9873558057053965	375
184	8687.895784961935	0.9873450937218406	478
185	8687.204784159758	0.9873348031775887	481
186	8686.726236148756	0.987316791500364	300
187	8686.687028949764	0.9873112021711002	249
188	8686.03704792464	0.987322157084131	280
189	8685.23884302256	0.987307382988281	486
190	8684.598639870988	0.987291754027005	483
191	8684.432054376926	0.9873270096422053	263
192	8684.133056848228	0.9873293537874611	243
193	8683.834830355481	0.9873241884823964	306
194	8683.98060037003	0.9873070155783575	477
195	8683.14805177442	0.9873294487696926	478
196	8682.686275975233	0.9873108967986642	372
197	8682.194490186212	0.9873081497138455	245
198	8681.738786347058	0.9872958459162793	244
199	8681.053826779735	0.9872945706759181	440
200	8681.04494533409	0.9873384277583385	476
201	8680.408000089685	0.9872920940167644	347
202	8680.027659721114	0.9873104752326498	243
203	8680.288067460871	0.9873086046300777	243
204	8680.223229855907	0.9873130191497657	460
205	8679.458993509514	0.9873164437305765	480
206	8678.919336850951	0.9873190828073187	449
207	8678.622166847696	0.9873099714568278	247
208	8678.032840235704	0.9873212489495877	244
209	8677.95811514303	0.987329780269845	347
210	8677.06335303897	0.9873147631431518	479
211	8677.427673547447	0.9873129589622524	443
212	8676.98602461004	0.9873102416290718	243
213	8676.437376268867	0.9873012177848897	244
214	8676.107358141011	0.9873192131924792	320
215	8675.840744745165	0.9872988383127314	481
216	8675.637002957921	0.9873103226224581	481
217	8675.55200153792	0.9873124129157893	364
218	8674.88033870775	0.9873207688432972	240
219	8674.692211955584	0.9873009136035329	245
220	8674.345620291573	0.987301824449682	413
221	8674.085799236687	0.9873084022479803	482
222	8674.042119863081	0.9873093830890396	374
223	8673.32614696269	0.9873194839729338	244
224	8673.438122807716	0.9873146875983193	247
225	8673.617478143602	0.9873048985490993	394
226	8673.071595068692	0.9873169551090318	479
227	8672.387196858725	0.9872840279016365	479
228	8671.632851944489	0.9873242218579564	281
229	8671.39502679734	0.9872917321314212	242
230	8671.466285757468	0.9873262823743074	274
231	8670.885782047193	0.9873218152950816	479
232	8670.471451947478	0.9873020167709613	487
233	8670.349835869407	0.9873216549048618	321
234	8670.216365476856	0.9873296169145983	339
235	8670.102399138366	0.9873512833296847	652
236	8669.807414774992	0.9873336747440756	758
237	8669.204918478621	0.9873443747661552	712
238	8668.564489040245	0.9873441757545585	326
239	8668.228236191937	0.9873469228900614	376
240	8667.944533159944	0.9873535560608722	776
241	8667.491051706327	0.9873512510691775	705
242	8667.516808749868	0.987362650254754	353
243	8667.513941135536	0.9873579549444776	343
244	8666.796870640346	0.9873706715396878	764
245	8667.122875602878	0.9873862675562197	772
246	8666.41307306614	0.9873855279973981	571
247	8665.709868761958	0.987386226958158	292
248	8666.223124601403	0.9873954332655385	254
249	8665.70652117048	0.9873916803016549	484
250	8665.440803579733	0.9874073063485882	480
251	8665.364749000186	0.9874423692370353	291
252	8664.60404667238	0.9874433036766895	244
253	8663.577819824219	0.9874277272242673	279
254	8663.566222729327	0.9874607960687203	488
255	8663.20994889655	0.9874502668778101	487
256	8663.304058256603	0.9874865833137717	398
257	8662.672293319183	0.9875173213936034	244
258	8662.509067249946	0.9874768513096434	245
259	8661.720915917636	0.9875070076359778	414
260	8661.290299603728	0.9875304526871159	483
261	8660.986318575282	0.9875565211535716	380
262	8660.746179697466	0.9875669689963058	243
263	8660.729790719999	0.987574131639839	246
264	8660.440968208573	0.9875892013767544	418
265	8659.663726183833	0.987580575834529	486
266	8659.681447347006	0.9876243403929026	487
267	8658.435472760882	0.987579673477987	256
268	8658.93490206141	0.9876015159193756	244
269	8658.728742119407	0.9876368444184868	317
270	8658.312171157526	0.9875996258794045	487
271	8658.075415371226	0.9876385425426522	464
272	8657.830155975964	0.9876413965204947	246
273	8657.64337552648	0.9876413073162643	246
274	8656.783102437752	0.987639343175961	354
275	8657.040199539288	0.9876830609021138	483
276	8656.764885519637	0.987687301549579	489
277	8656.398095786166	0.9876723450918993	329
278	8656.314738993742	0.98768475327362	241
279	8656.89422856545	0.9877045183208119	241
280	8655.954681604087	0.9876703761872792	469
281	8655.436569940477	0.9876813576334998	485
282	8655.093040206806	0.9876767015781532	322
283	8654.563177822398	0.9877080998199732	243
284	8654.379046174134	0.9877070411786336	248
285	8654.203683658521	0.9877338246474056	489
286	8654.22369011081	0.9877309302488962	485
287	8654.366462967022	0.9877204277432289	424
288	8654.293216004664	0.9877181156050592	243
289	8654.097124995018	0.9877367318183387	243
290	8653.676597543314	0.9877350571102836	401
291	8653.20802961077	0.987716233117037	486
292	8652.774353027344	0.9877370265977723	389
293	8653.0141641007	0.9877462825503479	244
294	8652.682438441685	0.9877319069591914	246
295	8652.67580948395	0.9877275861039454	445
296	8652.11747876641	0.9877347915249617	490
297	8652.336631100194	0.9877305819722665	470
298	8651.469462076822	0.9877589759575266	242
299	8651.988305954706	0.9877528873379944	246
300	8651.872931655573	0.9877680807444108	353
301	8651.459531822984	0.9877676087982801	484
302	8651.479588515094	0.98776815504748	434
303	8651.715541502246	0.9877503527467754	243
304	8651.26889515572	0.9877698637646477	244
305	8650.98767920254	0.9877434912942299	393
306	8651.113160840508	0.9877590650097042	486
307	8650.4141189679	0.9877526430653877	486
308	8650.543285759128	0.9877633388806768	279
309	8649.876059188324	0.9877536871350135	246
310	8649.869014402637	0.9877441323736087	294
311	8649.117859301923	0.9877726298053654	485
312	8649.397717119075	0.9877620649834474	487
313	8649.322875146152	0.9877896630743734	249
314	8649.407477138804	0.9877594203060988	242
315	8648.851248189705	0.9877810340856208	307
316	8649.17647775663	0.987761002515449	486
317	8649.67960591219	0.987781195489525	484
318	8649.209725100978	0.9877591313300084	374
319	8648.941803186119	0.9877386028770687	243
320	8649.25932343152	0.9877179812158452	246
321	8648.80033822611	0.9877254936818768	489
322	8647.997949094188	0.9877474458546055	483
323	8647.807567778087	0.9877332536389634	353
324	8648.491208446269	0.9877507119458548	241
325	8648.006524118437	0.9877387962120325	238
326	8648.393057064135	0.9877296944915437	446
327	8648.810348614543	0.9877137455100916	486
328	8648.047565486155	0.9876900346455525	471
329	8648.809470455662	0.9876907845186133	246
330	8648.315267342288	0.9876734841690988	244
331	8648.31138392857	0.9876637201325423	442
332	8648.121804581207	0.9876576333883262	483
333	8647.26966287003	0.9876477648662466	478
334	8647.181080928465	0.9876153402942784	245
335	8647.766990402119	0.9875991100407376	244
336	8646.792723156157	0.9876386188984323	340
337	8647.455039510922	0.9875757730990445	485
338	8647.076800703191	0.9876113746340583	491
339	8646.224310427297	0.9876456316687218	334
340	8646.470885400058	0.9876362424673272	243
341	8645.658123820818	0.9876191844137348	324
342	8645.926105525217	0.9876101636359481	488
343	8645.571140834263	0.9876375081030284	486
344	8645.656374561544	0.9876443010811903	349
345	8645.476197949883	0.9876240340321243	243
346	8645.355339205995	0.9876480100258272	242
347	8645.55641143176	0.9876660484136367	462
348	8645.217827621771	0.9876640110853172	488
349	8645.406575728435	0.9876065314525649	457
350	8645.299888351337	0.9876283608681086	247
351	8645.137091189015	0.9876119466815271	243
352	8644.966612316313	0.9876011030963895	440
353	8644.534324386494	0.9876496000152056	485
354	8644.740443638393	0.9875970786424721	477
355	8643.64602349729	0.9876212169523952	240
356	8644.137009601203	0.9876318249319281	243
357	8643.729071792292	0.9876191003286109	328
358	8643.260839345503	0.9876168627976155	487
359	8643.158493145793	0.987620675416828	486
360	8642.284503547513	0.9876157582870552	350
361	8642.518857579653	0.987623320626361	246
362	8641.299532935733	0.9876156175116293	313
363	8640.416847903713	0.9876302575477126	488
364	8640.037687548163	0.9876713058626165	485
365	8639.97416385988	0.987664218105021	370
366	8638.92826293115	0.9876358944948028	235
367	8638.301835455863	0.987654965700341	245
368	8637.630397874482	0.9877102321051822	410
369	8637.060653790324	0.9876831184540477	486
370	8636.346739061835	0.9877146345873674	488
371	8635.770393838688	0.9877113033668931	245
372	8634.598269092794	0.9876789505384407	243
373	8632.201682784931	0.9876609092616305	409
374	8629.49718968398	0.9877048697905476	488
375	8626.958907562048	0.9877388097447197	490
376	8624.978299925928	0.9877600630327147	272
377	8623.689490908668	0.9878031366891196	244
378	8623.401089622861	0.987750916532716	293
379	8622.171710578763	0.9878043203684342	488
380	8621.48274552741	0.9878180804250597	487
381	8621.283894856771	0.9878310351600857	256
382	8621.143380924146	0.9877838890771476	243
383	8620.530253715255	0.9878020536940114	305
384	8620.685898968963	0.9877858410785798	483
385	8619.99704851423	0.9878255566011886	485
386	8619.992579246054	0.9878451133108869	378
387	8619.965309817775	0.9877889763031688	242
388	8619.12369978509	0.9877920435602162	241
389	8619.037465828616	0.9878322377446151	427
390	8617.877072081274	0.9877771012941186	483
391	8617.372786126169	0.9878228266476369	371
392	8617.5717491098	0.9878298479328755	237
393	8617.022557472696	0.9878315628588605	246
394	8616.992655228596	0.9877992179118046	435
395	8616.73980816692	0.9877941345124424	482
396	8616.216383745881	0.9877884199678086	483
397	8616.057641477	0.9878125624084959	243
398	8616.512787280439	0.9878519870036718	243
399	8616.163377619114	0.9877950612480949	327
400	8615.51398265605	0.9878005576731802	488
401	8614.91845786166	0.9878262440819724	460
402	8615.189588481877	0.9878298411158477	243
403	8614.857252886506	0.9878431123738386	239
404	8614.347488507121	0.9878586792216009	333
405	8614.673007472033	0.9878114416536425	485
406	8614.237204207855	0.9877835632029439	486
407	8613.996496083784	0.9878059961155158	343
408	8613.828912851763	0.9878038401607754	241
409	8613.600783367547	0.9878236596428213	243
410	8613.688288266967	0.987814588003418	465
411	8613.705868883198	0.9878676143177108	491
412	8614.109955871998	0.9877852860610096	322
413	8613.01704375598	0.9878457518053704	246
414	8612.911180561092	0.9878046564555087	255
415	8612.526045195911	0.9878159848352274	489
416	8612.425527559657	0.9878216737589869	486
417	8612.537232690927	0.9878109922619904	425
418	8612.001513837957	0.987847182570266	244
419	8612.126215305458	0.9878026794667553	242
420	8611.422692746532	0.9878038023250039	357
421	8611.08178191931	0.9878324001875459	489
422	8611.084868554355	0.98783636217316	424
423	8611.120625813803	0.9878796402897153	245
424	8610.874384043169	0.9878503996752152	246
425	8611.079225293633	0.9878411534793523	408
426	8610.709725931389	0.9878701170538964	489
427	8611.03168824903	0.9878226884571063	488
428	8610.817263025816	0.9877829766344457	274
429	8609.681184106943	0.9878162955041645	246
430	8609.774057816487	0.9878204520411638	328
431	8609.63897206832	0.9878069951268685	489
432	8609.810477120536	0.9878176090871396	459
433	8609.646735158907	0.9878435379692486	249
434	8609.204632817482	0.9878311501119007	227
435	8609.296767254265	0.9878160685148775	353
436	8608.996359688896	0.987812974775324	482
437	8609.083887839804	0.987818353613015	485
438	8608.973219060574	0.9877998991077449	325
439	8608.72986192768	0.9878482298329979	244
440	8608.862658442284	0.9878591980506368	243
441	8608.461005801246	0.9878447023378748	486
442	8608.340321235917	0.987841625172062	490
443	8608.249469575429	0.9878303661537008	305
444	8607.729636886494	0.9878251586033373	242
445	8608.10234453889	0.9878705291166192	244
446	8608.379384773929	0.9878464304417575	459
447	8608.084745238428	0.9878127996106537	487
448	8606.92466580138	0.9878259374931151	463
449	8608.01638607103	0.987838708675232	244
450	8607.496471171477	0.9878409985883706	237
451	8608.019918428798	0.9878196991777339	399
452	8608.341253994273	0.9878658943739879	488
453	8607.15856144704	0.9877838902428847	487
454	8606.90357773969	0.9878533320615486	271
455	8607.15909809969	0.987830149275916	242
456	8606.259757736103	0.9878345480834951	310
457	8606.148696380407	0.9878230034342023	483
458	8606.23083765977	0.9878245031549817	487
459	8606.454572405133	0.9878294275072562	374
460	8606.40409176366	0.9878223041946791	241
461	8606.000290020793	0.9878217299931309	299
462	8606.133711834344	0.9878426714717936	487
463	8605.90270539368	0.9878554074790608	488
464	8605.949374659533	0.9878490917435309	378
465	8606.07459887031	0.9878848643884772	242
466	8605.923953309351	0.9878360865523621	243
467	8605.326920489875	0.9878917402099996	434
468	8605.414699424691	0.987837978138202	485
469	8604.77783203125	0.9878865344335839	485
470	8604.333783830914	0.9878747926733527	246
471	8604.932791366058	0.9878009231824453	247
472	8604.952704812395	0.987831901023988	430
473	8605.18582527005	0.9878778271123666	484
474	8604.12973499947	0.9878526588990575	488
475	8604.573010503029	0.9878571309706792	247
476	8604.185310000465	0.9878267758101428	245
477	8604.28098447631	0.9878378462325148	326
478	8604.262652131165	0.9878665197159158	485
479	8604.158761160714	0.98787608347377	483
480	8603.90627511991	0.9878840902376742	348
481	8603.543414472722	0.9878707576771172	243
482	8604.038478098759	0.9878314642527071	320
483	8603.11430057863	0.9878527965574038	488
484	8602.844953679714	0.9878633812982209	490
485	8603.481590841902	0.9878435007923719	355
486	8604.097035310706	0.9878682967554144	245
487	8602.98815772647	0.9878575466066396	242
488	8603.088917634925	0.9878673167253027	467
489	8603.575340634301	0.9878641013943014	485
490	8603.181472882121	0.9878679916363995	452
491	8602.578634871918	0.987884758965296	245
492	8602.70876722271	0.9878437036306275	241
493	8602.43641361574	0.9878707754419369	456
494	8602.894304963196	0.9879345188335497	487
495	8602.231389675011	0.9878394337130242	459
496	8601.943229000584	0.9878654383173605	243
497	8602.359986389576	0.9878447446845421	235
498	8602.606436593192	0.9878471665793941	324
499	8602.267547399819	0.9878738834490987	486
500	8601.701464179421	0.9878147370403721	482
501	8601.732461942296	0.9879081597944506	246
502	8602.196669390412	0.9878600404730865	245
503	8603.132333353264	0.9878559320607558	347
504	8601.558837267818	0.9878603562104459	483
505	8601.276304076318	0.9878923606102158	483
506	8601.297858413385	0.9879003707953051	327
507	8601.67306705397	0.9878703598566607	245
508	8601.246237826184	0.9878756550907277	254
509	8601.472078492041	0.9878321815864975	490
510	8601.042506211468	0.9878561071493999	485
511	8601.132691467701	0.987855509709136	297
512	8600.588278219002	0.9878501868775101	244
513	8600.747139444156	0.98790821909499	285
514	8600.374015963807	0.9878808907201501	480
515	8600.18630234076	0.9879272502599931	484
516	8600.122731941898	0.9879714067847956	399
517	8599.954816545758	0.9879405207830627	245
518	8600.380737719892	0.9879123226669776	245
519	8599.859949021113	0.987941329272426	402
520	8599.825662210686	0.9879708057206099	489
521	8599.750453404018	0.9879646693311986	382
522	8599.806111861248	0.9879742918067238	245
523	8599.713115458586	0.9879710368660032	241
524	8599.46937467614	0.9879523859340318	423
525	8599.34452165876	0.9879103777359943	482
526	8599.204040527344	0.9879399934137354	488
527	8599.080962096752	0.9879136932190178	248
528	8599.01721980296	0.9879092961600443	240
529	8598.878039094056	0.9879178643277308	300
530	8600.080498727812	0.9878937021455392	479
531	8598.246662996253	0.9878872944688311	484
532	8598.245039544137	0.9878808241717669	241
533	8598.172400649713	0.9878585065151153	243
534	8598.108175264735	0.9878468482571394	329
535	8598.044158935547	0.9878388578895809	483
536	8597.675414623858	0.9878462034271283	486
537	8597.755880758064	0.9878441670871511	351
538	8597.604542634925	0.9878549776261761	245
539	8597.90246312148	0.9878000681903086	229
540	8597.33972915338	0.9878034332678431	410
541	8597.450562769052	0.9878094611423356	484
542	8597.05846545161	0.9877924108941133	369
543	8596.5534767618	0.9877830611250433	242
544	8597.08239206327	0.9877790606194208	242
545	8596.607818188311	0.9877775472899278	433
546	8596.159604857568	0.9877873826391843	483
547	8596.11937708433	0.9877788261035267	485
548	8596.235415919298	0.9877475191439901	248
549	8596.043990777463	0.9877715883206348	244
550	8596.172490126422	0.9877343385093877	350
551	8595.86975969587	0.9877515816364159	480
552	8595.504811397215	0.9877565281123531	439
553	8595.51738111016	0.9877190212814175	242
554	8595.225909382307	0.9877111164688253	244
555	8594.866709806482	0.9876901198710714	374
556	8594.941519393402	0.9876940209849351	477
557	8594.803263969161	0.9876988084644688	482
558	8594.488091708852	0.9876772442287733	303
559	8594.762619745165	0.9877192231820149	237
560	8594.336114377391	0.9876858199230668	257
561	8594.156518222524	0.9877121691294268	478
562	8593.947536131152	0.9877127413542903	482
563	8593.884963885457	0.9877277171986849	298
564	8594.089767767458	0.9877282790586251	220
565	8594.02172332556	0.9877116998188755	242
566	8593.812636810095	0.9877054848182364	482
567	8593.112359494578	0.9877147660115544	480
568	8593.104681521047	0.987700622199344	431
569	8593.581635351895	0.9877056934091509	245
570	8593.063268752325	0.9876982708315866	239
571	8592.735233436637	0.9877409008489985	467
572	8592.73280843099	0.9877179797206607	484
573	8592.639039746758	0.9877459837668607	453
574	8593.141570629718	0.9877560578388016	223
575	8592.370509348759	0.9877288524492257	251
576	8593.006675875917	0.9876953346439364	339
577	8592.626002928027	0.9877236515891795	483
578	8592.552112190091	0.9876934600879952	483
579	8592.847656872807	0.987698322352098	338
580	8592.47408310248	0.9877286936302169	242
581	8592.2936386835	0.9876811481049271	321
582	8591.825766842381	0.9877469087285655	484
583	8591.657037436556	0.9877366524468474	488
584	8591.968337078484	0.9877218160854311	357
585	8591.83916177555	0.9877619847756665	242
586	8591.813873291016	0.9877196925939346	240
587	8591.748616328856	0.9877587796321937	458
588	8591.716506854207	0.9877334958335169	487
589	8591.428621253188	0.9877623144005027	456
590	8591.744695961881	0.9877552872105521	241
591	8591.128656711708	0.98771757044557	243
592	8591.391865217767	0.9877865018741209	443
593	8591.372118891502	0.9877243104080359	482
594	8590.951001640891	0.9877926050653668	473
595	8590.987929571242	0.987781714343903	237
596	8590.961209044164	0.9877499054078342	242
597	8590.923476031037	0.9877403932211756	326
598	8590.309140782778	0.9877371858222549	486
599	8590.58615942715	0.9877670863199801	486
600	8590.687117180856	0.9877820606945323	348
601	8590.177823021299	0.9877829551950198	245
602	8590.059782274726	0.9877736011431331	303
603	8590.154451538916	0.987808919758821	485
604	8590.430746688324	0.9877967834726077	484
605	8590.049864269438	0.9878156773593961	375
606	8590.021596065184	0.9878054982190635	245
607	8590.061534855642	0.9877886697143113	243
608	8591.107108810322	0.9877836372019076	426
609	8589.853533478821	0.98780959469526	482
610	8590.021638208505	0.9878099864589519	487
611	8589.95984717129	0.9878199497858683	243
612	8589.020975333493	0.9878160807044327	235
613	8589.57281930106	0.9878223005454151	355
614	8589.023553965044	0.9878291996563373	482
615	8589.508018856957	0.9878237141030175	483
616	8589.662463129784	0.9878143665640533	312
617	8589.093015086894	0.9878502181750171	247
618	8589.255585547207	0.9878687703741246	277
619	8589.037787820207	0.9878260173967907	484
620	8588.335303481745	0.9878457124490722	484
621	8588.947300917438	0.9878746202456302	273
622	8588.920871656768	0.9878831778709986	247
623	8588.76575495921	0.9878468389565848	255
624	8588.527832238853	0.9878845106886358	484
625	8588.16150649713	0.98786924201615	484
626	8588.758832243835	0.9878748999718501	418
627	8588.456883021763	0.9878767361851777	244
628	8588.304693520475	0.9878730641386542	244
629	8587.855788873167	0.9878711232370665	405
630	8588.09587896438	0.987884174069377	485
631	8587.65640092707	0.9878961398792104	382
632	8587.958067809643	0.9878619130776853	237
633	8587.715769865075	0.987877008486159	240
634	8588.086685907274	0.9879002114187698	416
635	8587.377887128972	0.9878651567665088	479
636	8587.500957047858	0.9879032192232252	483
637	8587.225218065742	0.9878951059210868	258
638	8587.282885700666	0.9879056980618003	238
639	8586.61675236501	0.9878895126384537	313
640	8586.667420471607	0.9879119899504039	484
641	8586.84032310434	0.987889751563875	475
642	8587.288841610864	0.9878979496100322	252
643	8586.466099745563	0.9878993542218695	245
644	8587.038753794975	0.9878882063540066	269
645	8586.510241657697	0.9879238466371079	479
646	8586.663025317548	0.9879340845457956	480
647	8586.375411883504	0.9879312109278173	407
648	8586.113881636638	0.9879182646823984	241
649	8586.26173888745	0.9879220691667933	244
650	8586.096900369035	0.9879241471692007	408
651	8585.750634848666	0.9879473150790143	481
652	8586.139053863733	0.987918473729471	379
653	8586.183784951969	0.9879449827431821	245
654	8586.360553975008	0.9879325159705009	242
655	8586.325124727626	0.9879459281052861	406
656	8586.604292889031	0.9879115194994577	490
657	8585.921604286246	0.9879460519014978	483
658	8586.107059608512	0.9879603844870921	263
659	8585.63159138167	0.987975632632468	240
660	8585.534619182146	0.988000360146469	309
661	8585.47184680757	0.9879712275147032	480
662	8585.504592376501	0.9880103732452912	470
663	8585.362783419032	0.9879575066623234	246
664	8585.822550455729	0.9879295380190521	244
665	8585.44744478602	0.9879546685233003	314
666	8585.247660526613	0.9879294516277962	480
667	8585.315220424107	0.9879225363486073	479
668	8585.295162693983	0.9879282430371865	361
669	8585.054667154947	0.9879315824431627	243
670	8584.488852779881	0.9879392813004199	244
671	8584.494809520487	0.9879621174313179	481
672	8584.713503260191	0.9879572072452834	476
673	8584.521461953922	0.9879458258498688	346
674	8584.445170915045	0.98796322280351	236
675	8584.749252007932	0.9879399921212878	244
676	8584.681791759673	0.9879666107396284	412
677	8584.554681894731	0.9879946550797849	480
678	8584.327634850328	0.987980776523449	483
679	8584.292248991882	0.9879606693324183	261
680	8584.25903444874	0.9879674497155511	242
681	8584.24998712864	0.9879700232322525	400
682	8583.988624209449	0.9879780500164242	483
683	8583.667029971168	0.9879756940870869	481
684	8583.712166092022	0.9879828358487207	273
685	8583.824855674691	0.9879872843521793	239
686	8583.642277308873	0.9879927822977913	299
687	8583.883351851482	0.9880154573288905	480
688	8584.349403848453	0.9880420103871903	483
689	8584.06542491264	0.9880158981802513	374
690	8583.55722419583	0.9880496808612833	248
691	8583.69830363786	0.9879948342738508	296
692	8583.24048142206	0.9880102513750799	481
693	8583.265791497262	0.9880060787711825	480
694	8583.397182957655	0.988011300943944	376
695	8582.963337593339	0.9879565062571545	244
696	8582.96481634646	0.9879883803224483	245
697	8582.940138836297	0.9879977004919328	443
698	8582.946641364066	0.9880235169310959	484
699	8582.63521030971	0.987987995122363	468
700	8583.10385609322	0.9880107656171938	245
701	8582.616643996465	0.9879904635706727	243
702	8582.134964508265	0.9880191711138706	428
703	8582.37683043188	0.9880207675908294	479
704	8582.299425189998	0.9880298706797921	482
705	8582.053636408176	0.9880272774976127	249
706	8581.88075204447	0.9880346909773593	245
707	8581.931783663173	0.9880246597082436	316
708	8582.19024242998	0.9880433140360579	485
709	8582.012967687075	0.9880095638942962	479
710	8582.023064853383	0.988030237506847	359
711	8581.930683577142	0.9880427981467068	240
712	8582.010431614051	0.9880532100036437	303
713	8581.90222998379	0.9880437646441314	479
714	8581.64623006185	0.9880461875526678	479
715	8581.761949396458	0.9880627723676818	377
716	8581.645979693147	0.9880807071062577	242
717	8581.701498849052	0.9880512196342556	239
718	8581.387831499787	0.9880831072068944	300
719	8581.433045056401	0.9880411431801562	478
720	8581.533670023186	0.9880446393524303	479
721	8581.343402473294	0.9880661333144523	238
722	8580.805851112418	0.9880550711789504	244
723	8581.077238121812	0.988044256914635	345
724	8581.274604849265	0.9880569159832536	480
725	8581.014447685813	0.988045541430209	480
726	8580.87617336974	0.9880592389678469	322
727	8581.012551028713	0.9880723595923308	243
728	8580.985834653686	0.9880495655293368	245
729	8580.678583884726	0.9880826472222399	482
730	8580.830382055166	0.9880816730461559	480
731	8580.51676951298	0.9880565831399694	308
732	8580.396300854327	0.9880656318701043	243
733	8579.981477075693	0.988062685342873	244
734	8580.21277997283	0.9880735934743671	485
735	8580.530659370683	0.9880530367142895	487
736	8580.174129563935	0.9880949242331949	421
737	8579.888534649699	0.9881053843415107	240
738	8579.89141513539	0.9881109331233972	246
739	8580.065828076837	0.9880973685051309	393
740	8579.92260617626	0.9880971543642939	485
741	8579.79865934411	0.9881027719500114	394
742	8579.627686169682	0.988098157100937	242
743	8579.599085801312	0.9881323496906125	247
744	8579.827399221407	0.9881061055019599	409
745	8579.768400853995	0.9881154234666808	483
746	8579.59649886566	0.988128837628835	489
747	8580.137394911579	0.9881337674803474	261
748	8579.625110859773	0.988137279542125	244
749	8579.414890003853	0.9881328161375053	317
750	8579.373157734773	0.9881299669746639	487
751	8579.074848823808	0.9881139454894325	466
752	8579.444334276679	0.9881354921883871	242
753	8579.465878648823	0.9881168531925499	241
754	8578.835007440477	0.9881251906203169	335
755	8579.064439008025	0.9881118176137509	484
756	8579.360381249668	0.9881315541003837	482
757	8578.985773826133	0.9880893074077408	341
758	8578.909684576956	0.9881377719393393	221
759	8578.67852284957	0.9881201018991114	239
760	8578.809202855948	0.9881398629169075	449
761	8578.786835547207	0.9881491252050107	487
762	8578.189904660594	0.98813662193969	339
763	8578.54851568313	0.9881720071291031	242
764	8578.6897194791	0.9881449818965935	244
765	8578.208177423801	0.988169590682805	463
766	8578.325796737152	0.9881301562042057	485
767	8578.263174459236	0.9881432677308718	452
768	8577.777324650564	0.9881500845306179	241
769	8577.51949741078	0.9881441484199089	243
770	8577.703085763114	0.9881620078924156	356
771	8577.81249522514	0.9881281666204232	480
772	8577.764564150855	0.9881619111615785	437
773	8577.314388145394	0.9881650887074924	241
774	8576.926062343882	0.98815091605596	241
775	8576.767431142378	0.9881705585233613	376
776	8577.0832903596	0.9881519693501142	480
777	8577.096382193015	0.9881563995058845	481
778	8577.3598107578	0.9881825055800327	308
779	8576.969564840096	0.9881917991909851	244
780	8577.09032559557	0.9881628295850187	281
781	8576.943433489118	0.9882160571410137	480
782	8576.531231523371	0.9881733572047179	485
783	8575.987014459104	0.9882214413005479	267
784	8575.95701754823	0.9882004454377151	242
785	8576.193504696801	0.9882029511642699	274
786	8575.975477984162	0.9881979567917432	482
787	8575.467090009832	0.9881926817806805	483
788	8575.492548520873	0.9882033784069172	401
789	8575.707049934232	0.9882354361011463	241
790	8575.752655859707	0.9882039645445996	239
791	8575.910466200641	0.9882234002203762	486
792	8575.407430843432	0.9882085186232921	485
793	8575.682417266224	0.9882273039951617	412
794	8575.332351373167	0.9881996634055157	244
795	8574.997262760084	0.9882449663060457	245
796	8574.715796645807	0.9882139372227549	420
797	8575.185027453364	0.9882228994349234	482
798	8575.027119954428	0.9882424347051958	484
799	8575.045196117999	0.9882597751712718	259
800	8574.964066901175	0.9882533520612181	241
801	8574.671346859057	0.9882629332797868	421
802	8574.228739212971	0.9882562940268695	485
803	8573.959958238667	0.9882206890199866	486
804	8574.063367363548	0.9882413260638714	261
805	8574.206183608698	0.9882417494291756	244
806	8573.754408440622	0.988204609881453	310
807	8573.818378266835	0.9882509117933358	483
808	8573.744551885695	0.9882378195520161	480
809	8573.420421574392	0.9882427568794513	372
810	8573.643927334117	0.9882520675709864	243
811	8573.431548864663	0.988206841152947	275
812	8573.967102258384	0.9882123876033592	482
813	8573.150568748008	0.9882467319162525	486
814	8573.187010473135	0.988208603874153	397
815	8573.120601939507	0.9882459895191144	242
816	8573.175994665444	0.9882443680548344	248
817	8572.901776164568	0.98822863478543	414
818	8572.613283118422	0.9882490800655618	490
819	8572.625587722881	0.9882537331558815	481
820	8572.93536522275	0.9882596663522477	261
821	8573.022129396191	0.9882651405776439	243
822	8572.420687305685	0.9882603362202644	397
823	8572.047596626542	0.988311751359174	489
824	8572.170671112683	0.9882518584732296	483
825	8571.985777978183	0.9882190765268137	274
826	8571.828083271883	0.9882901325112298	244
827	8571.75323880773	0.9882856114026235	254
828	8571.698473249164	0.9882713754971822	483
829	8571.883736123844	0.9882833743277861	481
830	8571.866157168433	0.9883006752855112	422
831	8571.391857951678	0.9883025657816403	244
832	8571.562643453377	0.9882688045653761	255
833	8571.063129658602	0.9882805379880529	485
834	8571.499933982383	0.9882892300786615	480
835	8570.818148865992	0.988265256492459	426
836	8571.08736850453	0.9883050760190909	244
837	8570.870414889589	0.9882610694182162	244
838	8570.398806824976	0.9882923732606732	392
839	8570.647965204149	0.9882882478691283	486
840	8571.257939345172	0.9883372621217958	480
841	8570.24032156808	0.9882641455450025	244
842	8570.425971206354	0.9882808903954468	242
843	8569.84349008158	0.9883070546297394	392
844	8569.732405059192	0.988287345664639	486
845	8569.899158088529	0.9883187529282506	484
846	8569.565367821933	0.9883398319892331	281
847	8569.641788612418	0.988288798198408	233
848	8569.793559171716	0.9883258136204717	278
849	8569.832678762423	0.9883247802959008	482
850	8569.443898726482	0.9883293822711828	493
851	8569.229048540803	0.9883607291192019	259
852	8568.894659133184	0.9883856222692395	238
853	8569.284792737895	0.9883502502070398	320
854	8568.75070128149	0.9883696395827799	483
855	8569.041794134646	0.9883717731857786	483
856	8569.138556655573	0.988355432542003	355
857	8568.536929798775	0.9883683023556155	242
858	8568.739476625611	0.9883939481156618	243
859	8568.773507877271	0.9883788702439289	453
860	8568.428874528327	0.9883851799480363	484
861	8568.471281090562	0.9883799953829675	324
862	8567.926198738773	0.9883883930235898	244
863	8567.646266807504	0.9884040890654333	257
864	8567.93496807903	0.9883812390977428	486
865	8567.998204445352	0.9884324089757034	481
866	8568.000404202208	0.9884494420926587	421
867	8567.60388764881	0.9883758040765921	241
868	8567.797342520993	0.9884111515822864	238
869	8567.218867918262	0.98839365419786	375
870	8567.049311216186	0.988410698440002	480
871	8567.466098499946	0.9884422757745195	412
872	8567.717840077925	0.9884056338951701	210
873	8566.986637660435	0.9884341819604643	242
874	8567.18445986793	0.9884082711726224	352
875	8567.073279971168	0.9883925878525186	483
876	8567.04501238972	0.9884285241568169	484
877	8566.793154761905	0.988479276092685	317
878	8566.61283012961	0.988462592519465	242
879	8566.540737022347	0.9884319187072265	253
880	8566.548361849622	0.9884471467056242	478
881	8566.026410161232	0.9884386056793385	481
882	8565.856788271949	0.9884687720918331	296
883	8565.69584915265	0.9884442652822757	245
884	8565.094393775576	0.9884481145208385	289
885	8565.377074157299	0.9884547511128341	482
886	8565.590688277263	0.988480361343241	483
887	8565.333726325003	0.9884845643830137	389
888	8565.286443385949	0.9884798086318028	245
889	8565.675930308647	0.9884596759972929	246
890	8565.673781414422	0.9884551771644021	413
891	8565.566398776307	0.9884497805365494	481
892	8564.921230809217	0.9884666683671831	371
893	8564.877053397042	0.9884616724994718	247
894	8564.9279199717	0.988473540868889	245
895	8565.268907819476	0.9884609466000479	457
896	8564.882717625624	0.9885163024371985	483
897	8565.087735130674	0.9884786076691686	458
898	8564.933072044736	0.9885131609784502	246
899	8564.480909905466	0.9884918379743083	242
900	8564.572974172579	0.9885139921490027	334
901	8564.490320322466	0.988574548314015	483
902	8564.206660679409	0.988510172408657	451
903	8564.25700700202	0.9885337042058406	242
904	8564.701206129424	0.9885254015474498	244
905	8564.038952885841	0.9885197898157599	339
906	8563.553807680299	0.9884988803695254	481
907	8563.474284684577	0.9885451119317084	481
908	8563.373887665417	0.9885363807128805	338
909	8563.397852475951	0.9885213906008775	244
910	8563.616333007812	0.9885488492848516	240
911	8563.647221364132	0.988493057309973	487
912	8563.509443425808	0.9885434337517842	484
913	8563.2712585034	0.9885307622655314	312
914	8563.343298672007	0.9885341694869962	226
915	8563.154799480828	0.9885377770125054	230
916	8563.180512512623	0.988567782730675	477
917	8563.000428906915	0.9885602486478228	477
918	8563.309599584463	0.9885499061775856	438
919	8563.0753809092	0.9885612905633693	233
920	8562.571639703245	0.9885817013528883	244
921	8562.282245454335	0.9885749117705692	438
922	8562.420545097923	0.9885768005434348	484
923	8562.476375034877	0.988586872157191	473
924	8562.403518157751	0.9885598747756611	246
925	8561.867941927747	0.9885529029835649	241
926	8561.768776822253	0.9885816864770691	332
927	8562.276993939666	0.9885765014305001	483
928	8562.147803481745	0.9886188906471746	483
929	8562.525429239078	0.9885877474230162	340
930	8561.932605769358	0.9886334455337654	242
931	8561.715961482249	0.9885966235733762	293
932	8562.005778617598	0.9885966831526789	479
933	8561.745064871651	0.9885729766216408	484
934	8561.553656338023	0.9886278122359392	380
935	8561.444057957655	0.9885837186862823	247
936	8561.207235738533	0.9886116973396872	246
937	8561.120718612152	0.98864014358038	428
938	8561.52711933162	0.9885873025929441	481
939	8561.592439612563	0.9886551009757178	488
940	8560.989338154695	0.9885907314819138	251
941	8560.78746603622	0.9886225524554852	231
942	8561.111340788757	0.9886228690291343	369
943	8560.757912149234	0.9885829479566642	481
944	8560.60645008736	0.9886548500634781	483
945	8560.82000504059	0.9886130353524571	311
946	8560.133697302163	0.988614701342826	244
947	8559.816465416734	0.9886425367372782	269
948	8559.767745660276	0.988622801973909	481
949	8559.816342100805	0.9886133041308851	482
950	8560.327127262037	0.9886705690652741	408
951	8560.606000212585	0.9886461846327701	242
952	8560.482746150217	0.9886177246566532	241
953	8560.070137283428	0.9886738503111058	479
954	8560.231436593192	0.9886378473063715	480
955	8560.234930336881	0.9886401658054111	438
956	8560.340951724927	0.9886845921476682	241
957	8559.950393157751	0.9886315683169025	239
958	8559.782561217846	0.9886691176212158	357
61	13283.397902715773	0.9947440174836961	14
62	13190.813995845734	0.9867210941655296	14
63	13156.357724144345	0.9882255683815668	14
64	13133.481003534227	0.9891531387018779	14
65	13115.805237785218	0.9897478170811184	14